"","Gene","Category"
"1","RNA5SP490","PGBObyQGBO"
"2","MIR3193","PGBObyQGBO"
"3","VN1R108P","PGBObyQGBO"
"4","MIR4734","PGBObyQGBO"
"5","AL022334.2","PGBObyQGBO"
"6","AC004233.4","PGBObyQGBO"
"7","LENEP","PGBObyQGBO"
"8","AL590095.2","PGBObyQGBO"
"9","IGLV1-51","PGBObyQGBO"
"10","AL008707.1","PGBObyQGBO"
"11","RPS29P10","PGBObyQGBO"
"12","MIR3188","PGBObyQGBO"
"13","RF00612","PGBObyQGBO"
"14","MIR4678","PGBObyQGBO"
"15","RNVU1-7","PGBObyQGBO"
"16","MRPS18CP6","PGBObyQGBO"
"17","AC009570.1","PGBObyQGBO"
"18","AP003355.3","PGBObyQGBO"
"19","RNU6ATAC26P","PGBObyQGBO"
"20","RPL29P19","PGBObyQGBO"
"21","RPL12P42","PGBObyQGBO"
"22","AC245452.2","PGBObyQGBO"
"23","RNU6-705P","PGBObyQGBO"
"24","AL160175.1","PGBObyQGBO"
"25","MTCO2P17","PGBObyQGBO"
"26","AC073352.1","PGBObyQGBO"
"27","AC005355.2","PGBObyQGBO"
"28","AC122688.1","PGBObyQGBO"
"29","HIST1H4A","PGBObyQGBO"
"30","MIR219A1","PGBObyQGBO"
"31","AC067747.1","PGBObyQGBO"
"32","TAF9P3","PGBObyQGBO"
"33","RPL12P8","PGBObyQGBO"
"34","AC104118.1","PGBObyQGBO"
"35","ZNF603P","PGBObyQGBO"
"36","RN7SL804P","PGBObyQGBO"
"37","AC090281.1","PGBObyQGBO"
"38","AL451107.1","PGBObyQGBO"
"39","ITPR1-AS1","PGBObyQGBO"
"40","AC099066.3","PGBObyQGBO"
"41","RNU6-662P","PGBObyQGBO"
"42","AC133552.4","PGBObyQGBO"
"43","AC104073.2","PGBObyQGBO"
"44","RPS2P4","PGBObyQGBO"
"45","AC018558.2","PGBObyQGBO"
"46","INTS6L-AS1","PGBObyQGBO"
"47","NPTX1","PGBObyQGBO"
"48","AL603825.1","PGBObyQGBO"
"49","Z96811.1","PGBObyQGBO"
"50","AC012354.2","PGBObyQGBO"
"51","HYI-AS1","PGBObyQGBO"
"52","IFITM4P","PGBObyQGBO"
"53","RNU6-177P","PGBObyQGBO"
"54","RNU6-31P","PGBObyQGBO"
"55","VTRNA1-3","PGBObyQGBO"
"56","RF00136","PGBObyQGBO"
"57","AC005363.2","PGBObyQGBO"
"58","SELENOTP1","PGBObyQGBO"
"59","RNU6-781P","PGBObyQGBO"
"60","VN1R87P","PGBObyQGBO"
"61","IFITM5","PGBObyQGBO"
"62","RPL21P32","PGBObyQGBO"
"63","SPP1","PGBObyQGBO"
"64","AL627309.6","PGBObyQGBO"
"65","RN7SL316P","PGBObyQGBO"
"66","AL391840.1","PGBObyQGBO"
"67","AC136475.6","PGBObyQGBO"
"68","AC131235.4","PGBObyQGBO"
"69","ERICD","PGBObyQGBO"
"70","GAPDHP22","PGBObyQGBO"
"71","TMPOP2","PGBObyQGBO"
"72","AC113608.1","PGBObyQGBO"
"73","AL732618.1","PGBObyQGBO"
"74","AL353608.2","PGBObyQGBO"
"75","AC007952.4","PGBObyQGBO"
"76","AC093844.1","PGBObyQGBO"
"77","AC090192.1","PGBObyQGBO"
"78","AC090589.1","PGBObyQGBO"
"79","AC078842.1","PGBObyQGBO"
"80","RF00432","PGBObyQGBO"
"81","AC005674.2","PGBObyQGBO"
"82","AL158211.3","PGBObyQGBO"
"83","KIAA0040","PGBObyQGBO"
"84","AL356512.1","PGBObyQGBO"
"85","AP006545.2","PGBObyQGBO"
"86","TRBV7-3","PGBObyQGBO"
"87","AC106785.2","PGBObyQGBO"
"88","AP006547.1","PGBObyQGBO"
"89","FRG2","PGBObyQGBO"
"90","RN7SL568P","PGBObyQGBO"
"91","AL049775.1","PGBObyQGBO"
"92","RN7SL868P","PGBObyQGBO"
"93","CDC42P4","PGBObyQGBO"
"94","RPL6P8","PGBObyQGBO"
"95","AP003973.2","PGBObyQGBO"
"96","MYC","PGBObyQGBO"
"97","AL158151.4","PGBObyQGBO"
"98","AL355472.4","PGBObyQGBO"
"99","DOCK9-AS2","PGBObyQGBO"
"100","AL121983.1","PGBObyQGBO"
"101","GEM","PGBObyQGBO"
"102","AC025423.3","PGBObyQGBO"
"103","CEMIP","PGBObyQGBO"
"104","AC020551.1","PGBObyQGBO"
"105","AC073389.3","PGBObyQGBO"
"106","AC004854.1","PGBObyQGBO"
"107","NFU1P2","PGBObyQGBO"
"108","RPL21P89","PGBObyQGBO"
"109","AC012462.3","PGBObyQGBO"
"110","AC104333.3","PGBObyQGBO"
"111","AL121723.1","PGBObyQGBO"
"112","CLIC4P3","PGBObyQGBO"
"113","TAGLN","PGBObyQGBO"
"114","USP46-AS1","PGBObyQGBO"
"115","CHL1-AS2","PGBObyQGBO"
"116","Z97653.2","PGBObyQGBO"
"117","AC136475.9","PGBObyQGBO"
"118","AC008972.2","PGBObyQGBO"
"119","RNU6-529P","PGBObyQGBO"
"120","AC032011.1","PGBObyQGBO"
"121","AC003965.1","PGBObyQGBO"
"122","HIST1H3F","PGBObyQGBO"
"123","FLRT2","PGBObyQGBO"
"124","HIST1H2AB","PGBObyQGBO"
"125","AL135744.1","PGBObyQGBO"
"126","LINC01165","PGBObyQGBO"
"127","AC073130.3","PGBObyQGBO"
"128","AHNAK2","PGBObyQGBO"
"129","FAM92A1P1","PGBObyQGBO"
"130","FN1","PGBObyQGBO"
"131","AC091953.2","PGBObyQGBO"
"132","AC015813.7","PGBObyQGBO"
"133","ADRA2A","PGBObyQGBO"
"134","RNU6-925P","PGBObyQGBO"
"135","AC009097.3","PGBObyQGBO"
"136","AC112220.4","PGBObyQGBO"
"137","DBIL5P","PGBObyQGBO"
"138","IL31RA","PGBObyQGBO"
"139","AL365400.2","PGBObyQGBO"
"140","AL163051.1","PGBObyQGBO"
"141","AC079766.1","PGBObyQGBO"
"142","U91328.3","PGBObyQGBO"
"143","AL590652.1","PGBObyQGBO"
"144","AC062029.1","PGBObyQGBO"
"145","AC008622.2","PGBObyQGBO"
"146","TPBG","PGBObyQGBO"
"147","AC006012.1","PGBObyQGBO"
"148","LINC02300","PGBObyQGBO"
"149","CHST1","PGBObyQGBO"
"150","AL391262.1","PGBObyQGBO"
"151","LINC01711","PGBObyQGBO"
"152","AC092645.1","PGBObyQGBO"
"153","THBS1","PGBObyQGBO"
"154","GFAP","PGBObyQGBO"
"155","AC096734.2","PGBObyQGBO"
"156","AC079906.1","PGBObyQGBO"
"157","NUFIP1P","PGBObyQGBO"
"158","MTRNR2L12","PGBObyQGBO"
"159","LINC00324","PGBObyQGBO"
"160","AC107081.1","PGBObyQGBO"
"161","CLK2P1","PGBObyQGBO"
"162","AC010719.1","PGBObyQGBO"
"163","AC104187.1","PGBObyQGBO"
"164","AL137845.2","PGBObyQGBO"
"165","INHBB","PGBObyQGBO"
"166","AC068620.1","PGBObyQGBO"
"167","AL512303.1","PGBObyQGBO"
"168","AL513320.1","PGBObyQGBO"
"169","MTMR11","PGBObyQGBO"
"170","RPS26P39","PGBObyQGBO"
"171","GRPR","PGBObyQGBO"
"172","AC104785.1","PGBObyQGBO"
"173","ELOCP18","PGBObyQGBO"
"174","AC112503.2","PGBObyQGBO"
"175","CACYBPP3","PGBObyQGBO"
"176","NXPH3","PGBObyQGBO"
"177","HIST1H1T","PGBObyQGBO"
"178","AC108475.1","PGBObyQGBO"
"179","RASAL2-AS1","PGBObyQGBO"
"180","AC008785.1","PGBObyQGBO"
"181","LINC02560","PGBObyQGBO"
"182","AL355297.3","PGBObyQGBO"
"183","PECAM1","PGBObyQGBO"
"184","AC008555.8","PGBObyQGBO"
"185","AC090229.1","PGBObyQGBO"
"186","MEG3","PGBObyQGBO"
"187","PAN3-AS1","PGBObyQGBO"
"188","AC021321.1","PGBObyQGBO"
"189","AL161658.1","PGBObyQGBO"
"190","RARRES2P10","PGBObyQGBO"
"191","ITGA10","PGBObyQGBO"
"192","NCOA7","PGBObyQGBO"
"193","AC005013.1","PGBObyQGBO"
"194","AL122001.1","PGBObyQGBO"
"195","TRBV26OR9-2","PGBObyQGBO"
"196","C3orf80","PGBObyQGBO"
"197","IQCN","PGBObyQGBO"
"198","AL023806.1","PGBObyQGBO"
"199","AC009486.1","PGBObyQGBO"
"200","PBX2P1","PGBObyQGBO"
"201","AL449106.1","PGBObyQGBO"
"202","AL157700.1","PGBObyQGBO"
"203","AC069234.4","PGBObyQGBO"
"204","RNA5SP530","PGBObyQGBO"
"205","MIR27A","PGBObyQGBO"
"206","MIR23A","PGBObyQGBO"
"207","SYNGR3","PGBObyQGBO"
"208","TCIM","PGBObyQGBO"
"209","MYL12BP1","PGBObyQGBO"
"210","MTND4LP1","PGBObyQGBO"
"211","AP000866.2","PGBObyQGBO"
"212","EIF3KP1","PGBObyQGBO"
"213","AP003071.4","PGBObyQGBO"
"214","AC097359.1","PGBObyQGBO"
"215","AP002364.1","PGBObyQGBO"
"216","MIR222HG","PGBObyQGBO"
"217","AL022334.1","PGBObyQGBO"
"218","AMIGO2","PGBObyQGBO"
"219","CAVIN3","PGBObyQGBO"
"220","UBE2FP3","PGBObyQGBO"
"221","AC092919.2","PGBObyQGBO"
"222","AP001330.5","PGBObyQGBO"
"223","RN7SL231P","PGBObyQGBO"
"224","OSCAR","PGBObyQGBO"
"225","RASD1","PGBObyQGBO"
"226","SYNE3","PGBObyQGBO"
"227","NT5E","PGBObyQGBO"
"228","AC145207.9","PGBObyQGBO"
"229","AC245884.10","PGBObyQGBO"
"230","AC092653.1","PGBObyQGBO"
"231","AL591926.1","PGBObyQGBO"
"232","TMEM200A","PGBObyQGBO"
"233","AC008806.1","PGBObyQGBO"
"234","LINC02577","PGBObyQGBO"
"235","F2RL1","PGBObyQGBO"
"236","CHGB","PGBObyQGBO"
"237","KRT18P14","PGBObyQGBO"
"238","DDTL","PGBObyQGBO"
"239","AC026471.6","PGBObyQGBO"
"240","AC090337.1","PGBObyQGBO"
"241","PTGS1","PGBObyQGBO"
"242","OR13J1","PGBObyQGBO"
"243","AC010186.3","PGBObyQGBO"
"244","CAV1","PGBObyQGBO"
"245","HIST1H4PS1","PGBObyQGBO"
"246","IER3","PGBObyQGBO"
"247","AL021392.1","PGBObyQGBO"
"248","RNVU1-19","PGBObyQGBO"
"249","GAPDHP70","PGBObyQGBO"
"250","MIR100HG","PGBObyQGBO"
"251","AC023141.2","PGBObyQGBO"
"252","NDUFB11P1","PGBObyQGBO"
"253","PLEKHH2","PGBObyQGBO"
"254","AC026367.3","PGBObyQGBO"
"255","KLF5","PGBObyQGBO"
"256","MLLT10P2","PGBObyQGBO"
"257","AC012213.1","PGBObyQGBO"
"258","AP005233.2","PGBObyQGBO"
"259","MRPS5P3","PGBObyQGBO"
"260","SPARCL1","PGBObyQGBO"
"261","RAB24","PGBObyQGBO"
"262","EMP1","PGBObyQGBO"
"263","AC244102.1","PGBObyQGBO"
"264","RPL31P63","PGBObyQGBO"
"265","AL391422.1","PGBObyQGBO"
"266","SUGT1P1","PGBObyQGBO"
"267","EIF3LP3","PGBObyQGBO"
"268","SNED1","PGBObyQGBO"
"269","TAL2","PGBObyQGBO"
"270","PHKA1P1","PGBObyQGBO"
"271","MTCO1P40","PGBObyQGBO"
"272","AC117402.1","PGBObyQGBO"
"273","PRDM8","PGBObyQGBO"
"274","AL138688.2","PGBObyQGBO"
"275","ULBP1","PGBObyQGBO"
"276","AC022400.4","PGBObyQGBO"
"277","AC093382.1","PGBObyQGBO"
"278","Z99129.4","PGBObyQGBO"
"279","AC245014.3","PGBObyQGBO"
"280","AC093278.1","PGBObyQGBO"
"281","AC004854.2","PGBObyQGBO"
"282","VIPR1","PGBObyQGBO"
"283","AC016396.1","PGBObyQGBO"
"284","AC006058.1","PGBObyQGBO"
"285","FP236383.3","PGBObyQGBO"
"286","SPATA25","PGBObyQGBO"
"287","AP005431.1","PGBObyQGBO"
"288","RPSAP46","PGBObyQGBO"
"289","LTBP2","PGBObyQGBO"
"290","AC107214.1","PGBObyQGBO"
"291","AC008494.1","PGBObyQGBO"
"292","AL137918.1","PGBObyQGBO"
"293","UTRN","PGBObyQGBO"
"294","AC078993.1","PGBObyQGBO"
"295","SCG2","PGBObyQGBO"
"296","PXK","PGBObyQGBO"
"297","MYOF","PGBObyQGBO"
"298","DLK1","PGBObyQGBO"
"299","AC092171.4","PGBObyQGBO"
"300","ARHGAP29","PGBObyQGBO"
"301","AL391811.1","PGBObyQGBO"
"302","ITGA3","PGBObyQGBO"
"303","AC003084.1","PGBObyQGBO"
"304","TSSK3","PGBObyQGBO"
"305","NPAS2","PGBObyQGBO"
"306","PRSS23","PGBObyQGBO"
"307","FOSL2","PGBObyQGBO"
"308","RN7SL471P","PGBObyQGBO"
"309","AL590004.4","PGBObyQGBO"
"310","AC104971.1","PGBObyQGBO"
"311","ZNF502","PGBObyQGBO"
"312","LINC00601","PGBObyQGBO"
"313","AC008443.4","PGBObyQGBO"
"314","AL121895.2","PGBObyQGBO"
"315","CLEC2D","PGBObyQGBO"
"316","RNF39","PGBObyQGBO"
"317","AC092580.2","PGBObyQGBO"
"318","SERPINE2","PGBObyQGBO"
"319","MYO15B","PGBObyQGBO"
"320","TFAP2C","PGBObyQGBO"
"321","CYP2D7","PGBObyQGBO"
"322","NRP2","PGBObyQGBO"
"323","CYP27C1","PGBObyQGBO"
"324","NEURL2","PGBObyQGBO"
"325","Z93241.1","PGBObyQGBO"
"326","RN7SL50P","PGBObyQGBO"
"327","MAGEA1","PGBObyQGBO"
"328","ACTA1","PGBObyQGBO"
"329","AC107214.2","PGBObyQGBO"
"330","AL512343.2","PGBObyQGBO"
"331","AL359541.1","PGBObyQGBO"
"332","AC109326.1","PGBObyQGBO"
"333","C19orf18","PGBObyQGBO"
"334","AL138820.1","PGBObyQGBO"
"335","AC006329.2","PGBObyQGBO"
"336","AC002069.1","PGBObyQGBO"
"337","TIGD7","PGBObyQGBO"
"338","ADRB2","PGBObyQGBO"
"339","SVIL","PGBObyQGBO"
"340","GLIPR1","PGBObyQGBO"
"341","AC009159.3","PGBObyQGBO"
"342","AL590135.1","PGBObyQGBO"
"343","SPEF1","PGBObyQGBO"
"344","AL096840.1","PGBObyQGBO"
"345","AL596442.2","PGBObyQGBO"
"346","CYP4V2","PGBObyQGBO"
"347","NAT16","PGBObyQGBO"
"348","SAMD9","PGBObyQGBO"
"349","AL591926.8","PGBObyQGBO"
"350","THUMPD3-AS1","PGBObyQGBO"
"351","AC073210.1","PGBObyQGBO"
"352","CD109","PGBObyQGBO"
"353","ABCC3","PGBObyQGBO"
"354","AC027139.2","PGBObyQGBO"
"355","MEG9","PGBObyQGBO"
"356","GPRC5A","PGBObyQGBO"
"357","RNU2-17P","PGBObyQGBO"
"358","IGFBP3","PGBObyQGBO"
"359","AL583856.2","PGBObyQGBO"
"360","FSTL1","PGBObyQGBO"
"361","GLTPD2","PGBObyQGBO"
"362","LBX2","PGBObyQGBO"
"363","AL022069.1","PGBObyQGBO"
"364","AL136380.1","PGBObyQGBO"
"365","TMEM200B","PGBObyQGBO"
"366","LINC01126","PGBObyQGBO"
"367","TYMP","PGBObyQGBO"
"368","YPEL3","PGBObyQGBO"
"369","OVOL3","PGBObyQGBO"
"370","CBX1P1","PGBObyQGBO"
"371","AC103982.1","PGBObyQGBO"
"372","AC245140.3","PGBObyQGBO"
"373","AC002384.1","PGBObyQGBO"
"374","RPS17P2","PGBObyQGBO"
"375","AC079780.1","PGBObyQGBO"
"376","AC068338.3","PGBObyQGBO"
"377","AC013400.1","PGBObyQGBO"
"378","GPR68","PGBObyQGBO"
"379","BNIP3P4","PGBObyQGBO"
"380","LINC01583","PGBObyQGBO"
"381","SERPINE1","PGBObyQGBO"
"382","YTHDC2","PGBObyQGBO"
"383","AC132938.1","PGBObyQGBO"
"384","ACHE","PGBObyQGBO"
"385","AC234775.2","PGBObyQGBO"
"386","AC025161.1","PGBObyQGBO"
"387","AC112220.2","PGBObyQGBO"
"388","Z73965.1","PGBObyQGBO"
"389","AC106897.1","PGBObyQGBO"
"390","HLA-DRA","PGBObyQGBO"
"391","DNAJC5G","PGBObyQGBO"
"392","AP000802.1","PGBObyQGBO"
"393","LINC00235","PGBObyQGBO"
"394","LINC01389","PGBObyQGBO"
"395","AC231981.1","PGBObyQGBO"
"396","AC069224.1","PGBObyQGBO"
"397","SLC1A3","PGBObyQGBO"
"398","ABTB1","PGBObyQGBO"
"399","RF00003","PGBObyQGBO"
"400","B3GNT7","PGBObyQGBO"
"401","HIGD1B","PGBObyQGBO"
"402","BX323046.1","PGBObyQGBO"
"403","MBLAC1","PGBObyQGBO"
"404","AC099552.4","PGBObyQGBO"
"405","AC008972.1","PGBObyQGBO"
"406","FAM105A","PGBObyQGBO"
"407","ADAMTS9","PGBObyQGBO"
"408","AL024498.1","PGBObyQGBO"
"409","AL353807.4","PGBObyQGBO"
"410","AC115522.1","PGBObyQGBO"
"411","HMCN1","PGBObyQGBO"
"412","VN1R84P","PGBObyQGBO"
"413","AC017071.1","PGBObyQGBO"
"414","CDKN1A","PGBObyQGBO"
"415","RPL23AP97","PGBObyQGBO"
"416","PTCHD4","PGBObyQGBO"
"417","RPL34P6","PGBObyQGBO"
"418","MRGPRF","PGBObyQGBO"
"419","AC017079.2","PGBObyQGBO"
"420","CTNNBIP1","PGBObyQGBO"
"421","A2M","PGBObyQGBO"
"422","AC091932.4","PGBObyQGBO"
"423","TMEM92-AS1","PGBObyQGBO"
"424","AL162727.1","PGBObyQGBO"
"425","SNHG10","PGBObyQGBO"
"426","AC006210.2","PGBObyQGBO"
"427","PLXNA1","PGBObyQGBO"
"428","ATOH7","PGBObyQGBO"
"429","AC025176.1","PGBObyQGBO"
"430","BVES","PGBObyQGBO"
"431","AC026979.3","PGBObyQGBO"
"432","AC098614.1","PGBObyQGBO"
"433","LETM2","PGBObyQGBO"
"434","AC023762.1","PGBObyQGBO"
"435","AL365181.2","PGBObyQGBO"
"436","AP000873.2","PGBObyQGBO"
"437","HIST1H4H","PGBObyQGBO"
"438","AF131216.2","PGBObyQGBO"
"439","AL391497.1","PGBObyQGBO"
"440","AC087741.3","PGBObyQGBO"
"441","ZNF582-AS1","PGBObyQGBO"
"442","GIPR","PGBObyQGBO"
"443","AL358933.1","PGBObyQGBO"
"444","AC008074.3","PGBObyQGBO"
"445","AL354702.1","PGBObyQGBO"
"446","HIST1H1A","PGBObyQGBO"
"447","HEXA-AS1","PGBObyQGBO"
"448","AL513550.1","PGBObyQGBO"
"449","AC020916.1","PGBObyQGBO"
"450","AC087239.1","PGBObyQGBO"
"451","ZMYND15","PGBObyQGBO"
"452","UBA7","PGBObyQGBO"
"453","AC245014.1","PGBObyQGBO"
"454","AL136379.1","PGBObyQGBO"
"455","AL683842.1","PGBObyQGBO"
"456","SAMD3","PGBObyQGBO"
"457","Z69890.1","PGBObyQGBO"
"458","AL390195.1","PGBObyQGBO"
"459","HIST2H3D","PGBObyQGBO"
"460","AC098614.4","PGBObyQGBO"
"461","OLFML2A","PGBObyQGBO"
"462","AL008582.1","PGBObyQGBO"
"463","TFCP2L1","PGBObyQGBO"
"464","SPATA8","PGBObyQGBO"
"465","RNF19A","PGBObyQGBO"
"466","AC018450.1","PGBObyQGBO"
"467","CRYBG1","PGBObyQGBO"
"468","VGF","PGBObyQGBO"
"469","AC138969.1","PGBObyQGBO"
"470","AC083843.3","PGBObyQGBO"
"471","AL591438.2","PGBObyQGBO"
"472","AF213884.3","PGBObyQGBO"
"473","FBLL1","PGBObyQGBO"
"474","MIPEPP3","PGBObyQGBO"
"475","AC005776.1","PGBObyQGBO"
"476","AL365203.2","PGBObyQGBO"
"477","RASL11B","PGBObyQGBO"
"478","MC1R","PGBObyQGBO"
"479","ZNF304","PGBObyQGBO"
"480","AC004816.2","PGBObyQGBO"
"481","TACC1","PGBObyQGBO"
"482","AP000223.1","PGBObyQGBO"
"483","RIPPLY2","PGBObyQGBO"
"484","RNU6-30P","PGBObyQGBO"
"485","KIAA0513","PGBObyQGBO"
"486","ITGAV","PGBObyQGBO"
"487","PDGFA","PGBObyQGBO"
"488","TMEM87B","PGBObyQGBO"
"489","ZNF804B","PGBObyQGBO"
"490","AXL","PGBObyQGBO"
"491","RPS23P5","PGBObyQGBO"
"492","AC006252.1","PGBObyQGBO"
"493","AC010894.5","PGBObyQGBO"
"494","VAMP1","PGBObyQGBO"
"495","SYNC","PGBObyQGBO"
"496","AL133367.1","PGBObyQGBO"
"497","MT2P1","PGBObyQGBO"
"498","MAFB","PGBObyQGBO"
"499","TMEM63A","PGBObyQGBO"
"500","SSTR5","PGBObyQGBO"
"501","AL359263.1","PGBObyQGBO"
"502","OSMR","PGBObyQGBO"
"503","AC025048.2","PGBObyQGBO"
"504","OGFOD1P1","PGBObyQGBO"
"505","RHBDF1","PGBObyQGBO"
"506","SLC10A5","PGBObyQGBO"
"507","CELSR3-AS1","PGBObyQGBO"
"508","LYPLA2P2","PGBObyQGBO"
"509","PLAUR","PGBObyQGBO"
"510","ACTRT3","PGBObyQGBO"
"511","AC110769.2","PGBObyQGBO"
"512","MIS18A-AS1","PGBObyQGBO"
"513","AL121906.1","PGBObyQGBO"
"514","ACTBP9","PGBObyQGBO"
"515","TMEM59L","PGBObyQGBO"
"516","ECM1","PGBObyQGBO"
"517","TMEM9B-AS1","PGBObyQGBO"
"518","NRIP3","PGBObyQGBO"
"519","RNU4-2","PGBObyQGBO"
"520","AC010491.1","PGBObyQGBO"
"521","ACAP1","PGBObyQGBO"
"522","MIR3178","PGBObyQGBO"
"523","AL133406.3","PGBObyQGBO"
"524","COL4A1","PGBObyQGBO"
"525","ARSJ","PGBObyQGBO"
"526","AL359510.2","PGBObyQGBO"
"527","AC073911.2","PGBObyQGBO"
"528","LDHD","PGBObyQGBO"
"529","AC004771.3","PGBObyQGBO"
"530","C3orf70","PGBObyQGBO"
"531","NPPA-AS1","PGBObyQGBO"
"532","NOXA1","PGBObyQGBO"
"533","AC116565.2","PGBObyQGBO"
"534","DGAT2L7P","PGBObyQGBO"
"535","STX1A","PGBObyQGBO"
"536","AL136304.1","PGBObyQGBO"
"537","AC092681.3","PGBObyQGBO"
"538","WEE2-AS1","PGBObyQGBO"
"539","AP001107.5","PGBObyQGBO"
"540","B4GALT6","PGBObyQGBO"
"541","AL355480.1","PGBObyQGBO"
"542","AL161935.3","PGBObyQGBO"
"543","AC007823.1","PGBObyQGBO"
"544","AL135791.1","PGBObyQGBO"
"545","AC117498.3","PGBObyQGBO"
"546","HIST1H2BD","PGBObyQGBO"
"547","AC012512.1","PGBObyQGBO"
"548","PROX1","PGBObyQGBO"
"549","AC012508.2","PGBObyQGBO"
"550","TNC","PGBObyQGBO"
"551","HNRNPCP7","PGBObyQGBO"
"552","AC093162.2","PGBObyQGBO"
"553","AC108134.4","PGBObyQGBO"
"554","SPOCD1","PGBObyQGBO"
"555","AL133551.1","PGBObyQGBO"
"556","BX322562.1","PGBObyQGBO"
"557","AL096677.1","PGBObyQGBO"
"558","TCEAL2","PGBObyQGBO"
"559","NPR1","PGBObyQGBO"
"560","ZNF572","PGBObyQGBO"
"561","LINC01686","PGBObyQGBO"
"562","ITGA6","PGBObyQGBO"
"563","FBXO32","PGBObyQGBO"
"564","AL844170.1","PGBObyQGBO"
"565","SYNM","PGBObyQGBO"
"566","FREM2","PGBObyQGBO"
"567","AL023803.1","PGBObyQGBO"
"568","AC103923.1","PGBObyQGBO"
"569","SASH1","PGBObyQGBO"
"570","AC008969.1","PGBObyQGBO"
"571","SYNJ2","PGBObyQGBO"
"572","AL645939.2","PGBObyQGBO"
"573","BDH2P1","PGBObyQGBO"
"574","RPL23AP95","PGBObyQGBO"
"575","AC116407.2","PGBObyQGBO"
"576","COL7A1","PGBObyQGBO"
"577","AF131216.4","PGBObyQGBO"
"578","VMP1","PGBObyQGBO"
"579","AL159169.2","PGBObyQGBO"
"580","RGS17","PGBObyQGBO"
"581","NGEF","PGBObyQGBO"
"582","BCL2A1","PGBObyQGBO"
"583","AC006480.2","PGBObyQGBO"
"584","HAP1","PGBObyQGBO"
"585","FOSL1","PGBObyQGBO"
"586","PAXIP1-AS2","PGBObyQGBO"
"587","AL390728.4","PGBObyQGBO"
"588","LINC00654","PGBObyQGBO"
"589","TPM1","PGBObyQGBO"
"590","TTC9B","PGBObyQGBO"
"591","KIAA1671","PGBObyQGBO"
"592","AC027328.1","PGBObyQGBO"
"593","HSPB3","PGBObyQGBO"
"594","CCDC184","PGBObyQGBO"
"595","ZNF334","PGBObyQGBO"
"596","AC112220.3","PGBObyQGBO"
"597","AL121574.1","PGBObyQGBO"
"598","RN7SL76P","PGBObyQGBO"
"599","AP003774.3","PGBObyQGBO"
"600","AL390729.2","PGBObyQGBO"
"601","ARHGAP27P1-BPTFP1-KPNA2P3","PGBObyQGBO"
"602","AC091932.1","PGBObyQGBO"
"603","ABHD2","PGBObyQGBO"
"604","ZFX-AS1","PGBObyQGBO"
"605","KCNJ4","PGBObyQGBO"
"606","OR7E100P","PGBObyQGBO"
"607","AC107021.2","PGBObyQGBO"
"608","HDAC9","PGBObyQGBO"
"609","AP002748.3","PGBObyQGBO"
"610","LAMC1","PGBObyQGBO"
"611","ANGPTL4","PGBObyQGBO"
"612","AC008750.3","PGBObyQGBO"
"613","AC015912.3","PGBObyQGBO"
"614","IL1RAP","PGBObyQGBO"
"615","RDH10","PGBObyQGBO"
"616","FP236383.1","PGBObyQGBO"
"617","CAPG","PGBObyQGBO"
"618","AC098591.1","PGBObyQGBO"
"619","TEX22","PGBObyQGBO"
"620","MICALL2","PGBObyQGBO"
"621","AC021739.3","PGBObyQGBO"
"622","PLXNA4","PGBObyQGBO"
"623","ADM2","PGBObyQGBO"
"624","PRR25","PGBObyQGBO"
"625","HIST3H3","PGBObyQGBO"
"626","CMTM6","PGBObyQGBO"
"627","PLPP2","PGBObyQGBO"
"628","ZNF460-AS1","PGBObyQGBO"
"629","AC005972.2","PGBObyQGBO"
"630","TCTEX1D4","PGBObyQGBO"
"631","SDC4","PGBObyQGBO"
"632","DRAXIN","PGBObyQGBO"
"633","AC105118.1","PGBObyQGBO"
"634","LENG8-AS1","PGBObyQGBO"
"635","KDELR3","PGBObyQGBO"
"636","AC079150.2","PGBObyQGBO"
"637","ZNF337","PGBObyQGBO"
"638","AC012313.5","PGBObyQGBO"
"639","AC007450.2","PGBObyQGBO"
"640","AC004918.1","PGBObyQGBO"
"641","LINC01786","PGBObyQGBO"
"642","ENO1-AS1","PGBObyQGBO"
"643","ITPR3","PGBObyQGBO"
"644","NAB1","PGBObyQGBO"
"645","VSX1","PGBObyQGBO"
"646","HIPK3","PGBObyQGBO"
"647","AL590428.1","PGBObyQGBO"
"648","AL592494.3","PGBObyQGBO"
"649","LINC02062","PGBObyQGBO"
"650","ACTN1","PGBObyQGBO"
"651","COL18A1","PGBObyQGBO"
"652","CEBPA","PGBObyQGBO"
"653","MEF2A","PGBObyQGBO"
"654","MIR3143","PGBObyQGBO"
"655","RN7SKP160","PGBObyQGBO"
"656","AC141002.1","PGBObyQGBO"
"657","Z97055.2","PGBObyQGBO"
"658","LBX2-AS1","PGBObyQGBO"
"659","AL137003.2","PGBObyQGBO"
"660","AL445228.2","PGBObyQGBO"
"661","ARHGAP12","PGBObyQGBO"
"662","KRT8","PGBObyQGBO"
"663","AF111167.2","PGBObyQGBO"
"664","IQGAP3","PGBObyQGBO"
"665","SCT","PGBObyQGBO"
"666","AC007613.1","PGBObyQGBO"
"667","GPNMB","PGBObyQGBO"
"668","AC073195.1","PGBObyQGBO"
"669","AFDN-DT","PGBObyQGBO"
"670","RN7SL278P","PGBObyQGBO"
"671","GDF7","PGBObyQGBO"
"672","MOSMO","PGBObyQGBO"
"673","DLG5-AS1","PGBObyQGBO"
"674","AC005593.1","PGBObyQGBO"
"675","AL513211.1","PGBObyQGBO"
"676","AL355001.2","PGBObyQGBO"
"677","AL450326.1","PGBObyQGBO"
"678","AC009518.1","PGBObyQGBO"
"679","GAS5-AS1","PGBObyQGBO"
"680","SHROOM1","PGBObyQGBO"
"681","HIST1H2BJ","PGBObyQGBO"
"682","AC064875.1","PGBObyQGBO"
"683","AC005180.2","PGBObyQGBO"
"684","ELOA-AS1","PGBObyQGBO"
"685","ITGB8","PGBObyQGBO"
"686","AL390955.1","PGBObyQGBO"
"687","PHC2","PGBObyQGBO"
"688","MIR4514","PGBObyQGBO"
"689","TUBA4A","PGBObyQGBO"
"690","PGM2L1","PGBObyQGBO"
"691","AOC2","PGBObyQGBO"
"692","AC233992.3","PGBObyQGBO"
"693","CLMN","PGBObyQGBO"
"694","AC103778.1","PGBObyQGBO"
"695","TAS1R3","PGBObyQGBO"
"696","HOTAIRM1","PGBObyQGBO"
"697","ESAM","PGBObyQGBO"
"698","AL136038.4","PGBObyQGBO"
"699","AL031432.4","PGBObyQGBO"
"700","MISP3","PGBObyQGBO"
"701","AC006058.4","PGBObyQGBO"
"702","AL109741.2","PGBObyQGBO"
"703","IRAK2","PGBObyQGBO"
"704","AL021368.1","PGBObyQGBO"
"705","AL359513.1","PGBObyQGBO"
"706","AC005332.1","PGBObyQGBO"
"707","PIH1D2","PGBObyQGBO"
"708","FOXN3P1","PGBObyQGBO"
"709","RNASEL","PGBObyQGBO"
"710","AC020765.2","PGBObyQGBO"
"711","AC069120.1","PGBObyQGBO"
"712","AC138393.1","PGBObyQGBO"
"713","MIR3671","PGBObyQGBO"
"714","AF196972.1","PGBObyQGBO"
"715","CRISPLD2","PGBObyQGBO"
"716","AL590096.1","PGBObyQGBO"
"717","GOLGA2P5","PGBObyQGBO"
"718","METTL27","PGBObyQGBO"
"719","NPIPA8","PGBObyQGBO"
"720","HOXD1","PGBObyQGBO"
"721","AC131212.4","PGBObyQGBO"
"722","PSMD6-AS2","PGBObyQGBO"
"723","CALML6","PGBObyQGBO"
"724","FAM166A","PGBObyQGBO"
"725","AL355598.1","PGBObyQGBO"
"726","PTPRZ1","PGBObyQGBO"
"727","AL158212.4","PGBObyQGBO"
"728","WARS","PGBObyQGBO"
"729","C8G","PGBObyQGBO"
"730","IL17RD","PGBObyQGBO"
"731","EFNB2","PGBObyQGBO"
"732","RNF213","PGBObyQGBO"
"733","RPS17P5","PGBObyQGBO"
"734","TNNT1","PGBObyQGBO"
"735","ADAM1B","PGBObyQGBO"
"736","MT-TG","PGBObyQGBO"
"737","CENPK","PGBObyQGBO"
"738","PRRX1","PGBObyQGBO"
"739","SIDT2","PGBObyQGBO"
"740","NFAT5","PGBObyQGBO"
"741","ZFYVE26","PGBObyQGBO"
"742","MCCD1P2","PGBObyQGBO"
"743","AC133134.1","PGBObyQGBO"
"744","LINC01004","PGBObyQGBO"
"745","SEM1P1","PGBObyQGBO"
"746","AL354811.1","PGBObyQGBO"
"747","TPRG1-AS1","PGBObyQGBO"
"748","LPP-AS2","PGBObyQGBO"
"749","STEAP3","PGBObyQGBO"
"750","AL355574.1","PGBObyQGBO"
"751","AL137077.2","PGBObyQGBO"
"752","PIK3CD","PGBObyQGBO"
"753","AC048341.1","PGBObyQGBO"
"754","ANKK1","PGBObyQGBO"
"755","ANKRD28","PGBObyQGBO"
"756","ZNF684","PGBObyQGBO"
"757","MAGEB17","PGBObyQGBO"
"758","CLTC","PGBObyQGBO"
"759","AC010615.1","PGBObyQGBO"
"760","AC010654.1","PGBObyQGBO"
"761","DQX1","PGBObyQGBO"
"762","PRRT3-AS1","PGBObyQGBO"
"763","E2F7","PGBObyQGBO"
"764","AC110609.1","PGBObyQGBO"
"765","LPXN","PGBObyQGBO"
"766","SNAI2","PGBObyQGBO"
"767","BAIAP3","PGBObyQGBO"
"768","HNRNPA3P12","PGBObyQGBO"
"769","STK17A","PGBObyQGBO"
"770","MTND4P9","PGBObyQGBO"
"771","HYAL1","PGBObyQGBO"
"772","CBX7","PGBObyQGBO"
"773","LAMA4","PGBObyQGBO"
"774","TBX5-AS1","PGBObyQGBO"
"775","ERRFI1","PGBObyQGBO"
"776","AL662907.1","PGBObyQGBO"
"777","PPIAP67","PGBObyQGBO"
"778","MYSM1","PGBObyQGBO"
"779","KLF3","PGBObyQGBO"
"780","AL008723.1","PGBObyQGBO"
"781","PQLC3","PGBObyQGBO"
"782","ZFHX4","PGBObyQGBO"
"783","AC138150.1","PGBObyQGBO"
"784","ZBTB42","PGBObyQGBO"
"785","ACSM4","PGBObyQGBO"
"786","AL118558.3","PGBObyQGBO"
"787","EOGT","PGBObyQGBO"
"788","PLEKHG4B","PGBObyQGBO"
"789","AP002847.1","PGBObyQGBO"
"790","PPM1J","PGBObyQGBO"
"791","ATXN2-AS","PGBObyQGBO"
"792","JAG2","PGBObyQGBO"
"793","SGK1","PGBObyQGBO"
"794","SSSCA1-AS1","PGBObyQGBO"
"795","AL080276.2","PGBObyQGBO"
"796","REM2","PGBObyQGBO"
"797","AP4B1","PGBObyQGBO"
"798","ST7-AS1","PGBObyQGBO"
"799","LINC00273","PGBObyQGBO"
"800","AC142472.1","PGBObyQGBO"
"801","AC080080.1","PGBObyQGBO"
"802","ARHGAP21","PGBObyQGBO"
"803","MSANTD3","PGBObyQGBO"
"804","DGKA","PGBObyQGBO"
"805","AC103746.1","PGBObyQGBO"
"806","MARF1","PGBObyQGBO"
"807","AC010201.2","PGBObyQGBO"
"808","CD44","PGBObyQGBO"
"809","FRMD6","PGBObyQGBO"
"810","AP002414.4","PGBObyQGBO"
"811","CCNK","PGBObyQGBO"
"812","AC099791.2","PGBObyQGBO"
"813","AL691432.2","PGBObyQGBO"
"814","TPP1","PGBObyQGBO"
"815","ATL3","PGBObyQGBO"
"816","AC069213.3","PGBObyQGBO"
"817","XPC","PGBObyQGBO"
"818","PXN","PGBObyQGBO"
"819","ASPDH","PGBObyQGBO"
"820","AC091729.3","PGBObyQGBO"
"821","AC067852.1","PGBObyQGBO"
"822","LCAT","PGBObyQGBO"
"823","SPEG","PGBObyQGBO"
"824","ICOSLG","PGBObyQGBO"
"825","WNK4","PGBObyQGBO"
"826","EPS8","PGBObyQGBO"
"827","CAMK2D","PGBObyQGBO"
"828","CRIM1","PGBObyQGBO"
"829","CSRNP1","PGBObyQGBO"
"830","AC211433.2","PGBObyQGBO"
"831","DUSP5","PGBObyQGBO"
"832","AL138762.1","PGBObyQGBO"
"833","AC004816.1","PGBObyQGBO"
"834","COL19A1","PGBObyQGBO"
"835","AP003733.4","PGBObyQGBO"
"836","EGR2","PGBObyQGBO"
"837","LAMB2","PGBObyQGBO"
"838","DGKI","PGBObyQGBO"
"839","MTND3P17","PGBObyQGBO"
"840","MR1","PGBObyQGBO"
"841","UQCRBP3","PGBObyQGBO"
"842","MLH1","PGBObyQGBO"
"843","PKD2","PGBObyQGBO"
"844","AL035563.1","PGBObyQGBO"
"845","AC026803.1","PGBObyQGBO"
"846","AC096733.2","PGBObyQGBO"
"847","INCA1","PGBObyQGBO"
"848","MMP19","PGBObyQGBO"
"849","ACAD8","PGBObyQGBO"
"850","LINC01291","PGBObyQGBO"
"851","LSMEM1","PGBObyQGBO"
"852","HIST2H2BD","PGBObyQGBO"
"853","AL731566.2","PGBObyQGBO"
"854","TRIM23","PGBObyQGBO"
"855","NPAT","PGBObyQGBO"
"856","AC067750.1","PGBObyQGBO"
"857","ATP6V0E1P3","PGBObyQGBO"
"858","LINC01952","PGBObyQGBO"
"859","SAMD4A","PGBObyQGBO"
"860","AC109454.4","PGBObyQGBO"
"861","WNT5A","PGBObyQGBO"
"862","C22orf46","PGBObyQGBO"
"863","OBSCN-AS1","PGBObyQGBO"
"864","AC006011.2","PGBObyQGBO"
"865","AMOTL1","PGBObyQGBO"
"866","FOXA3","PGBObyQGBO"
"867","AL359258.3","PGBObyQGBO"
"868","ABCA1","PGBObyQGBO"
"869","IL11","PGBObyQGBO"
"870","AL109976.1","PGBObyQGBO"
"871","C16orf45","PGBObyQGBO"
"872","ASS1P12","PGBObyQGBO"
"873","GIPC3","PGBObyQGBO"
"874","AC132872.2","PGBObyQGBO"
"875","AC136632.2","PGBObyQGBO"
"876","VN1R83P","PGBObyQGBO"
"877","LRRC15","PGBObyQGBO"
"878","LZTS3","PGBObyQGBO"
"879","SLC16A6P1","PGBObyQGBO"
"880","AC105443.1","PGBObyQGBO"
"881","FBLN7","PGBObyQGBO"
"882","ATXN7","PGBObyQGBO"
"883","AC017104.5","PGBObyQGBO"
"884","OLFM1","PGBObyQGBO"
"885","LOXL2","PGBObyQGBO"
"886","PPIAP55","PGBObyQGBO"
"887","SERINC2","PGBObyQGBO"
"888","AC103706.1","PGBObyQGBO"
"889","DCDC2B","PGBObyQGBO"
"890","AC023157.3","PGBObyQGBO"
"891","AL078644.2","PGBObyQGBO"
"892","AC109322.1","PGBObyQGBO"
"893","SLC1A4","PGBObyQGBO"
"894","DST","PGBObyQGBO"
"895","AC012254.3","PGBObyQGBO"
"896","FAM208A","PGBObyQGBO"
"897","TP53TG3HP","PGBObyQGBO"
"898","AC019118.1","PGBObyQGBO"
"899","EDA2R","PGBObyQGBO"
"900","CYBRD1","PGBObyQGBO"
"901","SLFN5","PGBObyQGBO"
"902","SERTAD4","PGBObyQGBO"
"903","HNRNPKP5","PGBObyQGBO"
"904","AL136040.1","PGBObyQGBO"
"905","COL4A2","PGBObyQGBO"
"906","AL590617.2","PGBObyQGBO"
"907","CRIP1","PGBObyQGBO"
"908","AL049796.1","PGBObyQGBO"
"909","SNX9","PGBObyQGBO"
"910","AL583810.1","PGBObyQGBO"
"911","RANBP9","PGBObyQGBO"
"912","AC099518.4","PGBObyQGBO"
"913","SHISA8","PGBObyQGBO"
"914","PPL","PGBObyQGBO"
"915","IKZF5","PGBObyQGBO"
"916","AC016027.1","PGBObyQGBO"
"917","AC002069.2","PGBObyQGBO"
"918","C19orf57","PGBObyQGBO"
"919","FANCD2","PGBObyQGBO"
"920","AC074338.1","PGBObyQGBO"
"921","IQCD","PGBObyQGBO"
"922","C10orf90","PGBObyQGBO"
"923","AC093627.3","PGBObyQGBO"
"924","GAS1RR","PGBObyQGBO"
"925","AC008507.1","PGBObyQGBO"
"926","C14orf132","PGBObyQGBO"
"927","SEC24D","PGBObyQGBO"
"928","AGAP2","PGBObyQGBO"
"929","ATP2B1-AS1","PGBObyQGBO"
"930","CEP170B","PGBObyQGBO"
"931","NPC1","PGBObyQGBO"
"932","HAPLN1","PGBObyQGBO"
"933","RBMS1","PGBObyQGBO"
"934","VCL","PGBObyQGBO"
"935","AC020910.5","PGBObyQGBO"
"936","AHNAK","PGBObyQGBO"
"937","COX6CP7","PGBObyQGBO"
"938","CNFN","PGBObyQGBO"
"939","BTBD3","PGBObyQGBO"
"940","TIPARP","PGBObyQGBO"
"941","AC106739.1","PGBObyQGBO"
"942","IL6ST","PGBObyQGBO"
"943","RNU6-2","PGBObyQGBO"
"944","LPL","PGBObyQGBO"
"945","ERVK13-1","PGBObyQGBO"
"946","JAG1","PGBObyQGBO"
"947","AC092611.2","PGBObyQGBO"
"948","GJC3","PGBObyQGBO"
"949","PAPD4","PGBObyQGBO"
"950","IL13RA2","PGBObyQGBO"
"951","AC093458.2","PGBObyQGBO"
"952","AL132821.1","PGBObyQGBO"
"953","WDR36","PGBObyQGBO"
"954","AC092117.1","PGBObyQGBO"
"955","RNVU1-6","PGBObyQGBO"
"956","ZNF204P","PGBObyQGBO"
"957","HIST2H2AC","PGBObyQGBO"
"958","CHD1","PGBObyQGBO"
"959","SOX21-AS1","PGBObyQGBO"
"960","AC010201.1","PGBObyQGBO"
"961","LRRC46","PGBObyQGBO"
"962","AC091941.1","PGBObyQGBO"
"963","SLC12A5-AS1","PGBObyQGBO"
"964","GPATCH2L","PGBObyQGBO"
"965","AC044860.2","PGBObyQGBO"
"966","HSFX1","PGBObyQGBO"
"967","NCOA3","PGBObyQGBO"
"968","TOLLIP-AS1","PGBObyQGBO"
"969","AC245884.8","PGBObyQGBO"
"970","APC","PGBObyQGBO"
"971","TRIM17","PGBObyQGBO"
"972","AC104961.1","PGBObyQGBO"
"973","ZCCHC6","PGBObyQGBO"
"974","RPS15AP11","PGBObyQGBO"
"975","ATP5PBP5","PGBObyQGBO"
"976","SSH1","PGBObyQGBO"
"977","GNG12","PGBObyQGBO"
"978","PTP4A2","PGBObyQGBO"
"979","ASPHD1","PGBObyQGBO"
"980","ZNF852","PGBObyQGBO"
"981","AC073349.2","PGBObyQGBO"
"982","SLC7A5P1","PGBObyQGBO"
"983","MBNL1","PGBObyQGBO"
"984","STAM2","PGBObyQGBO"
"985","AP000350.5","PGBObyQGBO"
"986","LYSMD3","PGBObyQGBO"
"987","AC104695.3","PGBObyQGBO"
"988","QRFP","PGBObyQGBO"
"989","AC005829.1","PGBObyQGBO"
"990","ZNF530","PGBObyQGBO"
"991","AC084876.2","PGBObyQGBO"
"992","AF186190.1","PGBObyQGBO"
"993","ARG2","PGBObyQGBO"
"994","MAFF","PGBObyQGBO"
"995","ROCK2","PGBObyQGBO"
"996","TMEM171","PGBObyQGBO"
"997","AC091153.3","PGBObyQGBO"
"998","MORF4L2-AS1","PGBObyQGBO"
"999","CYR61","PGBObyQGBO"
"1000","FCGR2A","PGBObyQGBO"
"1001","ZBTB38","PGBObyQGBO"
"1002","AC092954.1","PGBObyQGBO"
"1003","MT-TD","PGBObyQGBO"
"1004","HS3ST1","PGBObyQGBO"
"1005","NABP1","PGBObyQGBO"
"1006","AC092171.5","PGBObyQGBO"
"1007","FAM129A","PGBObyQGBO"
"1008","AL133325.3","PGBObyQGBO"
"1009","MIR24-2","PGBObyQGBO"
"1010","DCST2","PGBObyQGBO"
"1011","CCDC82","PGBObyQGBO"
"1012","ITPRIP","PGBObyQGBO"
"1013","FAM238B","PGBObyQGBO"
"1014","SAV1","PGBObyQGBO"
"1015","B3GNT9","PGBObyQGBO"
"1016","GLT8D2","PGBObyQGBO"
"1017","THBS3","PGBObyQGBO"
"1018","AL138976.2","PGBObyQGBO"
"1019","AC133528.1","PGBObyQGBO"
"1020","FAM46B","PGBObyQGBO"
"1021","AC099522.2","PGBObyQGBO"
"1022","AL162497.1","PGBObyQGBO"
"1023","EBF2","PGBObyQGBO"
"1024","AL390728.6","PGBObyQGBO"
"1025","CNGA4","PGBObyQGBO"
"1026","LYST","PGBObyQGBO"
"1027","SLC34A3","PGBObyQGBO"
"1028","AL022324.2","PGBObyQGBO"
"1029","BOC","PGBObyQGBO"
"1030","LINC00565","PGBObyQGBO"
"1031","AP003084.1","PGBObyQGBO"
"1032","MILR1","PGBObyQGBO"
"1033","RPS3AP24","PGBObyQGBO"
"1034","ZNF805","PGBObyQGBO"
"1035","F3","PGBObyQGBO"
"1036","GPAT3","PGBObyQGBO"
"1037","AC093458.1","PGBObyQGBO"
"1038","AL513548.1","PGBObyQGBO"
"1039","STK36","PGBObyQGBO"
"1040","MAGIX","PGBObyQGBO"
"1041","NAP1L2","PGBObyQGBO"
"1042","LYPD5","PGBObyQGBO"
"1043","CHRND","PGBObyQGBO"
"1044","PPARGC1A","PGBObyQGBO"
"1045","AC074019.1","PGBObyQGBO"
"1046","PDLIM5","PGBObyQGBO"
"1047","SPACA9","PGBObyQGBO"
"1048","AC007114.1","PGBObyQGBO"
"1049","STOM","PGBObyQGBO"
"1050","AC098484.2","PGBObyQGBO"
"1051","WDR73","PGBObyQGBO"
"1052","AL161909.1","PGBObyQGBO"
"1053","SLC49A3","PGBObyQGBO"
"1054","LINC01424","PGBObyQGBO"
"1055","CCDC84","PGBObyQGBO"
"1056","AL357140.3","PGBObyQGBO"
"1057","RPL34P34","PGBObyQGBO"
"1058","C19orf73","PGBObyQGBO"
"1059","EFCAB14","PGBObyQGBO"
"1060","FAM114A1","PGBObyQGBO"
"1061","MIR548AY","PGBObyQGBO"
"1062","CNIH3","PGBObyQGBO"
"1063","PARP9","PGBObyQGBO"
"1064","Z69706.1","PGBObyQGBO"
"1065","AC068768.1","PGBObyQGBO"
"1066","NHLRC3","PGBObyQGBO"
"1067","AC006273.1","PGBObyQGBO"
"1068","AC073136.2","PGBObyQGBO"
"1069","AL512604.2","PGBObyQGBO"
"1070","AC007391.1","PGBObyQGBO"
"1071","TMEM44-AS1","PGBObyQGBO"
"1072","AC099778.1","PGBObyQGBO"
"1073","AL589826.2","PGBObyQGBO"
"1074","SEL1L","PGBObyQGBO"
"1075","AC092653.2","PGBObyQGBO"
"1076","CDC42P2","PGBObyQGBO"
"1077","TAS2R5","PGBObyQGBO"
"1078","BCL10","PGBObyQGBO"
"1079","NIFKP9","PGBObyQGBO"
"1080","MAFA-AS1","PGBObyQGBO"
"1081","AC010327.4","PGBObyQGBO"
"1082","CCSAP","PGBObyQGBO"
"1083","MSANTD2","PGBObyQGBO"
"1084","SEPHS1P4","PGBObyQGBO"
"1085","DICER1","PGBObyQGBO"
"1086","LINC01547","PGBObyQGBO"
"1087","ANO4","PGBObyQGBO"
"1088","IGF2BP3","PGBObyQGBO"
"1089","SAMD14","PGBObyQGBO"
"1090","AC079148.1","PGBObyQGBO"
"1091","MALAT1","PGBObyQGBO"
"1092","IRX4","PGBObyQGBO"
"1093","AC068831.1","PGBObyQGBO"
"1094","C1orf162","PGBObyQGBO"
"1095","ATP2C2-AS1","PGBObyQGBO"
"1096","TUBBP2","PGBObyQGBO"
"1097","AL096700.1","PGBObyQGBO"
"1098","SLC9A5","PGBObyQGBO"
"1099","ZFP69","PGBObyQGBO"
"1100","SEMA6D","PGBObyQGBO"
"1101","RNF182","PGBObyQGBO"
"1102","PTAR1","PGBObyQGBO"
"1103","AC092375.2","PGBObyQGBO"
"1104","HOXA11-AS","PGBObyQGBO"
"1105","PROS1","PGBObyQGBO"
"1106","ATG16L2","PGBObyQGBO"
"1107","RAB40A","PGBObyQGBO"
"1108","ZSWIM8","PGBObyQGBO"
"1109","ZNF542P","PGBObyQGBO"
"1110","TANC1","PGBObyQGBO"
"1111","EPB41L2","PGBObyQGBO"
"1112","AJ011932.1","PGBObyQGBO"
"1113","RNF224","PGBObyQGBO"
"1114","WDR90","PGBObyQGBO"
"1115","FAM111A","PGBObyQGBO"
"1116","LOXL3","PGBObyQGBO"
"1117","CAPRIN2","PGBObyQGBO"
"1118","AC006026.1","PGBObyQGBO"
"1119","AFF3","PGBObyQGBO"
"1120","SEMA6C","PGBObyQGBO"
"1121","AC104958.2","PGBObyQGBO"
"1122","NFATC2","PGBObyQGBO"
"1123","AC091917.3","PGBObyQGBO"
"1124","GOLGA8S","PGBObyQGBO"
"1125","AC113191.1","PGBObyQGBO"
"1126","AC008429.2","PGBObyQGBO"
"1127","PYGB","PGBObyQGBO"
"1128","CLU","PGBObyQGBO"
"1129","MAGEE2","PGBObyQGBO"
"1130","RBPMS","PGBObyQGBO"
"1131","COL8A2","PGBObyQGBO"
"1132","SLC25A52","PGBObyQGBO"
"1133","ANXA1","PGBObyQGBO"
"1134","PANX2","PGBObyQGBO"
"1135","PCDH18","PGBObyQGBO"
"1136","HIST1H2BI","PGBObyQGBO"
"1137","IRS2","PGBObyQGBO"
"1138","AC073046.1","PGBObyQGBO"
"1139","ABHD17C","PGBObyQGBO"
"1140","PPWD1","PGBObyQGBO"
"1141","RN7SL664P","PGBObyQGBO"
"1142","TCP11L2","PGBObyQGBO"
"1143","SP140L","PGBObyQGBO"
"1144","ZNF425","PGBObyQGBO"
"1145","ERBIN","PGBObyQGBO"
"1146","AL109918.1","PGBObyQGBO"
"1147","SNORD3A","PGBObyQGBO"
"1148","TMTC3","PGBObyQGBO"
"1149","AC005261.5","PGBObyQGBO"
"1150","SOCS6","PGBObyQGBO"
"1151","PSMG3-AS1","PGBObyQGBO"
"1152","AL390198.1","PGBObyQGBO"
"1153","TRIP6","PGBObyQGBO"
"1154","AC104695.2","PGBObyQGBO"
"1155","HLA-DMA","PGBObyQGBO"
"1156","KIRREL1","PGBObyQGBO"
"1157","ZNF396","PGBObyQGBO"
"1158","AP000845.1","PGBObyQGBO"
"1159","PTPRH","PGBObyQGBO"
"1160","DSG2","PGBObyQGBO"
"1161","AC136944.1","PGBObyQGBO"
"1162","AL391422.3","PGBObyQGBO"
"1163","PRSS33","PGBObyQGBO"
"1164","C17orf100","PGBObyQGBO"
"1165","AL358074.1","PGBObyQGBO"
"1166","AL136968.1","PGBObyQGBO"
"1167","PKMP3","PGBObyQGBO"
"1168","RNF217","PGBObyQGBO"
"1169","AL023280.1","PGBObyQGBO"
"1170","PFKFB3","PGBObyQGBO"
"1171","AC010883.1","PGBObyQGBO"
"1172","OPTN","PGBObyQGBO"
"1173","PLOD2","PGBObyQGBO"
"1174","TSTD2","PGBObyQGBO"
"1175","AC091042.1","PGBObyQGBO"
"1176","ZNF514","PGBObyQGBO"
"1177","ZNF606","PGBObyQGBO"
"1178","ENDOD1","PGBObyQGBO"
"1179","TNFRSF12A","PGBObyQGBO"
"1180","LINC00941","PGBObyQGBO"
"1181","KAT2B","PGBObyQGBO"
"1182","NUPR1","PGBObyQGBO"
"1183","RGL1","PGBObyQGBO"
"1184","SH3RF3-AS1","PGBObyQGBO"
"1185","EGFL7","PGBObyQGBO"
"1186","PPP1R18","PGBObyQGBO"
"1187","OTUD7B","PGBObyQGBO"
"1188","ELOVL2","PGBObyQGBO"
"1189","APH1B","PGBObyQGBO"
"1190","LRRFIP2","PGBObyQGBO"
"1191","U73166.1","PGBObyQGBO"
"1192","LTB4R","PGBObyQGBO"
"1193","FADD","PGBObyQGBO"
"1194","AL136295.1","PGBObyQGBO"
"1195","AL138724.1","PGBObyQGBO"
"1196","AL021997.2","PGBObyQGBO"
"1197","HIST1H2AE","PGBObyQGBO"
"1198","CA2","PGBObyQGBO"
"1199","ZBTB43","PGBObyQGBO"
"1200","AC008736.2","PGBObyQGBO"
"1201","AP000553.3","PGBObyQGBO"
"1202","KIF16B","PGBObyQGBO"
"1203","PAM","PGBObyQGBO"
"1204","HAS2-AS1","PGBObyQGBO"
"1205","AC010618.3","PGBObyQGBO"
"1206","AC025809.1","PGBObyQGBO"
"1207","ARL17A","PGBObyQGBO"
"1208","MAN1B1-AS1","PGBObyQGBO"
"1209","PLAT","PGBObyQGBO"
"1210","ZNF441","PGBObyQGBO"
"1211","NDUFA4L2","PGBObyQGBO"
"1212","AL138921.1","PGBObyQGBO"
"1213","AC018638.1","PGBObyQGBO"
"1214","LRRC57","PGBObyQGBO"
"1215","RECQL","PGBObyQGBO"
"1216","ZSCAN12","PGBObyQGBO"
"1217","GPX3","PGBObyQGBO"
"1218","AC080078.2","PGBObyQGBO"
"1219","EFCAB13","PGBObyQGBO"
"1220","C19orf66","PGBObyQGBO"
"1221","IQGAP1","PGBObyQGBO"
"1222","MYADM","PGBObyQGBO"
"1223","AC239868.1","PGBObyQGBO"
"1224","HAPLN3","PGBObyQGBO"
"1225","ATXN1","PGBObyQGBO"
"1226","PLEKHA1","PGBObyQGBO"
"1227","SLC26A2","PGBObyQGBO"
"1228","ICAM1","PGBObyQGBO"
"1229","AL354872.2","PGBObyQGBO"
"1230","AC005822.1","PGBObyQGBO"
"1231","PRRT3","PGBObyQGBO"
"1232","AL021407.3","PGBObyQGBO"
"1233","AC004865.2","PGBObyQGBO"
"1234","PTPN21","PGBObyQGBO"
"1235","AC024937.2","PGBObyQGBO"
"1236","AC027644.1","PGBObyQGBO"
"1237","AL031777.3","PGBObyQGBO"
"1238","AC008771.1","PGBObyQGBO"
"1239","CETN4P","PGBObyQGBO"
"1240","LCMT2","PGBObyQGBO"
"1241","AC138207.3","PGBObyQGBO"
"1242","LINC00648","PGBObyQGBO"
"1243","C1orf198","PGBObyQGBO"
"1244","RGL3","PGBObyQGBO"
"1245","AC100827.5","PGBObyQGBO"
"1246","FMNL2","PGBObyQGBO"
"1247","AC060834.1","PGBObyQGBO"
"1248","TMEM225B","PGBObyQGBO"
"1249","GCC2-AS1","PGBObyQGBO"
"1250","DACT1","PGBObyQGBO"
"1251","UXT-AS1","PGBObyQGBO"
"1252","AC013451.2","PGBObyQGBO"
"1253","FAM238C","PGBObyQGBO"
"1254","NDRG1","PGBObyQGBO"
"1255","SALRNA2","PGBObyQGBO"
"1256","TERT","PGBObyQGBO"
"1257","EGR3","PGBObyQGBO"
"1258","COL6A2","PGBObyQGBO"
"1259","EIF2S2P3","PGBObyQGBO"
"1260","FNDC3A","PGBObyQGBO"
"1261","AC092933.1","PGBObyQGBO"
"1262","HIST1H4C","PGBObyQGBO"
"1263","MANEA-AS1","PGBObyQGBO"
"1264","ANKRD10","PGBObyQGBO"
"1265","AC093249.6","PGBObyQGBO"
"1266","PER3","PGBObyQGBO"
"1267","FZD1","PGBObyQGBO"
"1268","VPREB3","PGBObyQGBO"
"1269","MIR193BHG","PGBObyQGBO"
"1270","RNU6-415P","PGBObyQGBO"
"1271","PPP1CB","PGBObyQGBO"
"1272","LINC00957","PGBObyQGBO"
"1273","LIMS1","PGBObyQGBO"
"1274","ELK3","PGBObyQGBO"
"1275","PMAIP1","PGBObyQGBO"
"1276","AC073611.1","PGBObyQGBO"
"1277","COL5A1","PGBObyQGBO"
"1278","PCNX2","PGBObyQGBO"
"1279","PTN","PGBObyQGBO"
"1280","ATP13A3","PGBObyQGBO"
"1281","EFHD1","PGBObyQGBO"
"1282","HIST1H4D","PGBObyQGBO"
"1283","KREMEN2","PGBObyQGBO"
"1284","AHRR","PGBObyQGBO"
"1285","ZNF160","PGBObyQGBO"
"1286","AC068870.2","PGBObyQGBO"
"1287","DCBLD2","PGBObyQGBO"
"1288","AL359091.2","PGBObyQGBO"
"1289","CSF1","PGBObyQGBO"
"1290","KCNK10","PGBObyQGBO"
"1291","AC005076.1","PGBObyQGBO"
"1292","CLIC6","PGBObyQGBO"
"1293","EDEM1","PGBObyQGBO"
"1294","ACTN2","PGBObyQGBO"
"1295","AC106820.2","PGBObyQGBO"
"1296","IBA57-AS1","PGBObyQGBO"
"1297","TMPO-AS1","PGBObyQGBO"
"1298","AC069499.1","PGBObyQGBO"
"1299","AC234782.3","PGBObyQGBO"
"1300","AC130371.2","PGBObyQGBO"
"1301","TNFRSF14","PGBObyQGBO"
"1302","AC009108.3","PGBObyQGBO"
"1303","EBF3","PGBObyQGBO"
"1304","LINC02163","PGBObyQGBO"
"1305","AC009812.1","PGBObyQGBO"
"1306","IL17RB","PGBObyQGBO"
"1307","AP001107.9","PGBObyQGBO"
"1308","KLC1","PGBObyQGBO"
"1309","MIAT","PGBObyQGBO"
"1310","KLF4","PGBObyQGBO"
"1311","SPRED3","PGBObyQGBO"
"1312","ARMCX5","PGBObyQGBO"
"1313","FCHSD1","PGBObyQGBO"
"1314","ESYT2","PGBObyQGBO"
"1315","AL118511.1","PGBObyQGBO"
"1316","PGGHG","PGBObyQGBO"
"1317","AC025048.4","PGBObyQGBO"
"1318","RBM26-AS1","PGBObyQGBO"
"1319","AP003469.4","PGBObyQGBO"
"1320","ZNF439","PGBObyQGBO"
"1321","DUSP8","PGBObyQGBO"
"1322","TCAF1P1","PGBObyQGBO"
"1323","THOC7","PGBObyQGBO"
"1324","SLC30A3","PGBObyQGBO"
"1325","KNTC1","PGBObyQGBO"
"1326","HOXA2","PGBObyQGBO"
"1327","HOXC11","PGBObyQGBO"
"1328","MAP3K5","PGBObyQGBO"
"1329","CNTF","PGBObyQGBO"
"1330","ID1","PGBObyQGBO"
"1331","AL049612.1","PGBObyQGBO"
"1332","AC079922.2","PGBObyQGBO"
"1333","TFR2","PGBObyQGBO"
"1334","MT-ATP8","PGBObyQGBO"
"1335","GALNT6","PGBObyQGBO"
"1336","DLG1","PGBObyQGBO"
"1337","SIPA1L2","PGBObyQGBO"
"1338","LINC01465","PGBObyQGBO"
"1339","AC137695.2","PGBObyQGBO"
"1340","AP5B1","PGBObyQGBO"
"1341","CAV2","PGBObyQGBO"
"1342","PXDN","PGBObyQGBO"
"1343","LINC00638","PGBObyQGBO"
"1344","NCK1-AS1","PGBObyQGBO"
"1345","KIFC2","PGBObyQGBO"
"1346","AC104447.1","PGBObyQGBO"
"1347","AC074134.1","PGBObyQGBO"
"1348","GLI4","PGBObyQGBO"
"1349","PARD3-AS1","PGBObyQGBO"
"1350","C21orf58","PGBObyQGBO"
"1351","HOXC-AS3","PGBObyQGBO"
"1352","AC073585.1","PGBObyQGBO"
"1353","AC010245.2","PGBObyQGBO"
"1354","RAB39B","PGBObyQGBO"
"1355","KCNC4-AS1","PGBObyQGBO"
"1356","STX3","PGBObyQGBO"
"1357","RGS9BP","PGBObyQGBO"
"1358","NOV","PGBObyQGBO"
"1359","CRYAB","PGBObyQGBO"
"1360","HCG27","PGBObyQGBO"
"1361","AC133963.1","PGBObyQGBO"
"1362","CHST2","PGBObyQGBO"
"1363","RNU1-89P","PGBObyQGBO"
"1364","AC114684.1","PGBObyQGBO"
"1365","MSTO2P","PGBObyQGBO"
"1366","AL451064.2","PGBObyQGBO"
"1367","CAMTA1-DT","PGBObyQGBO"
"1368","POC1B-AS1","PGBObyQGBO"
"1369","AC006058.2","PGBObyQGBO"
"1370","TANK","PGBObyQGBO"
"1371","LRP11","PGBObyQGBO"
"1372","DDR2","PGBObyQGBO"
"1373","ABHD4","PGBObyQGBO"
"1374","AL160291.1","PGBObyQGBO"
"1375","CKAP2L","PGBObyQGBO"
"1376","AC091932.3","PGBObyQGBO"
"1377","FAM20C","PGBObyQGBO"
"1378","AC098934.2","PGBObyQGBO"
"1379","RAD18","PGBObyQGBO"
"1380","CHRNG","PGBObyQGBO"
"1381","EPAS1","PGBObyQGBO"
"1382","AC107375.1","PGBObyQGBO"
"1383","ARIH2OS","PGBObyQGBO"
"1384","CAVIN4","PGBObyQGBO"
"1385","TIPARP-AS1","PGBObyQGBO"
"1386","SLC6A9","PGBObyQGBO"
"1387","AC135506.1","PGBObyQGBO"
"1388","TNFRSF21","PGBObyQGBO"
"1389","ZNF217","PGBObyQGBO"
"1390","AL135818.2","PGBObyQGBO"
"1391","QRICH2","PGBObyQGBO"
"1392","TOR1AIP1","PGBObyQGBO"
"1393","ZNF469","PGBObyQGBO"
"1394","PCSK4","PGBObyQGBO"
"1395","AC092171.3","PGBObyQGBO"
"1396","RPS20P10","PGBObyQGBO"
"1397","PSMC2","PGBObyQGBO"
"1398","AC007325.4","PGBObyQGBO"
"1399","GDPD3","PGBObyQGBO"
"1400","MAP3K9","PGBObyQGBO"
"1401","AC079807.1","PGBObyQGBO"
"1402","AL021937.1","PGBObyQGBO"
"1403","TMEM185B","PGBObyQGBO"
"1404","SEPT5","PGBObyQGBO"
"1405","ACRV1","PGBObyQGBO"
"1406","HSPA8P13","PGBObyQGBO"
"1407","ODF3L1","PGBObyQGBO"
"1408","TNFSF9","PGBObyQGBO"
"1409","EDEM3","PGBObyQGBO"
"1410","LBH","PGBObyQGBO"
"1411","TPM2","PGBObyQGBO"
"1412","CHM","PGBObyQGBO"
"1413","AC004812.2","PGBObyQGBO"
"1414","AC015922.4","PGBObyQGBO"
"1415","EFHC1","PGBObyQGBO"
"1416","NTSR1","PGBObyQGBO"
"1417","PPP1R26-AS1","PGBObyQGBO"
"1418","CAPN10-AS1","PGBObyQGBO"
"1419","TWIST1","PGBObyQGBO"
"1420","ULBP2","PGBObyQGBO"
"1421","AC092681.2","PGBObyQGBO"
"1422","THAP9","PGBObyQGBO"
"1423","AC100823.2","PGBObyQGBO"
"1424","AL023973.1","PGBObyQGBO"
"1425","AP001029.1","PGBObyQGBO"
"1426","RASIP1","PGBObyQGBO"
"1427","PATE3","PGBObyQGBO"
"1428","STAT2","PGBObyQGBO"
"1429","ESYT3","PGBObyQGBO"
"1430","RBM5","PGBObyQGBO"
"1431","KRTCAP3","PGBObyQGBO"
"1432","AL117335.1","PGBObyQGBO"
"1433","S100A10","PGBObyQGBO"
"1434","EPS8L1","PGBObyQGBO"
"1435","SLC8B1","PGBObyQGBO"
"1436","DUSP5P1","PGBObyQGBO"
"1437","AL390719.1","PGBObyQGBO"
"1438","VAMP4","PGBObyQGBO"
"1439","DLC1","PGBObyQGBO"
"1440","DUSP4","PGBObyQGBO"
"1441","AL117344.1","PGBObyQGBO"
"1442","AC117382.2","PGBObyQGBO"
"1443","AC147651.1","PGBObyQGBO"
"1444","MCC","PGBObyQGBO"
"1445","DOCK5","PGBObyQGBO"
"1446","EMB","PGBObyQGBO"
"1447","C2orf92","PGBObyQGBO"
"1448","Z97180.1","PGBObyQGBO"
"1449","ZNF16","PGBObyQGBO"
"1450","SLC4A7","PGBObyQGBO"
"1451","AMOTL2","PGBObyQGBO"
"1452","EHBP1L1","PGBObyQGBO"
"1453","ZSCAN12P1","PGBObyQGBO"
"1454","VIM-AS1","PGBObyQGBO"
"1455","MGLL","PGBObyQGBO"
"1456","CAHM","PGBObyQGBO"
"1457","AL158212.3","PGBObyQGBO"
"1458","FEN1","PGBObyQGBO"
"1459","HOMER2","PGBObyQGBO"
"1460","PPM1N","PGBObyQGBO"
"1461","CEP83-AS1","PGBObyQGBO"
"1462","DDX12P","PGBObyQGBO"
"1463","GTF2H2C","PGBObyQGBO"
"1464","C20orf204","PGBObyQGBO"
"1465","AL118506.1","PGBObyQGBO"
"1466","AC026367.1","PGBObyQGBO"
"1467","PRNP","PGBObyQGBO"
"1468","AC099811.3","PGBObyQGBO"
"1469","AC023509.4","PGBObyQGBO"
"1470","AC026803.2","PGBObyQGBO"
"1471","CSGALNACT2","PGBObyQGBO"
"1472","AC008115.1","PGBObyQGBO"
"1473","RAB2B","PGBObyQGBO"
"1474","HID1","PGBObyQGBO"
"1475","IFI16","PGBObyQGBO"
"1476","CD59","PGBObyQGBO"
"1477","AC133552.2","PGBObyQGBO"
"1478","PPIAP87","PGBObyQGBO"
"1479","SASS6","PGBObyQGBO"
"1480","NOTCH3","PGBObyQGBO"
"1481","AL022328.4","PGBObyQGBO"
"1482","TRPM4","PGBObyQGBO"
"1483","GLB1L3","PGBObyQGBO"
"1484","ZNF843","PGBObyQGBO"
"1485","ZFP36","PGBObyQGBO"
"1486","ARHGAP33","PGBObyQGBO"
"1487","PPP2R5B","PGBObyQGBO"
"1488","LMO2","PGBObyQGBO"
"1489","SPATA20","PGBObyQGBO"
"1490","POU6F1","PGBObyQGBO"
"1491","SLC26A6","PGBObyQGBO"
"1492","CITED4","PGBObyQGBO"
"1493","AL033527.3","PGBObyQGBO"
"1494","NDOR1","PGBObyQGBO"
"1495","HIST1H3H","PGBObyQGBO"
"1496","RN7SL832P","PGBObyQGBO"
"1497","MAPK11","PGBObyQGBO"
"1498","AC022211.2","PGBObyQGBO"
"1499","SEL1L3","PGBObyQGBO"
"1500","AC114490.3","PGBObyQGBO"
"1501","ZNF83","PGBObyQGBO"
"1502","SERINC1","PGBObyQGBO"
"1503","ACTG1P17","PGBObyQGBO"
"1504","CHDH","PGBObyQGBO"
"1505","TRIM60P17","PGBObyQGBO"
"1506","AC006987.2","PGBObyQGBO"
"1507","ERFE","PGBObyQGBO"
"1508","SH3BP5-AS1","PGBObyQGBO"
"1509","AC008610.1","PGBObyQGBO"
"1510","TPCN1","PGBObyQGBO"
"1511","RPS26P49","PGBObyQGBO"
"1512","AP000350.4","PGBObyQGBO"
"1513","CACNA1G","PGBObyQGBO"
"1514","LRIF1","PGBObyQGBO"
"1515","APOE","PGBObyQGBO"
"1516","AL021154.1","PGBObyQGBO"
"1517","TGFB1I1","PGBObyQGBO"
"1518","AC139795.3","PGBObyQGBO"
"1519","FLOT1","PGBObyQGBO"
"1520","AL603839.4","PGBObyQGBO"
"1521","FCGR2C","PGBObyQGBO"
"1522","OLFML2B","PGBObyQGBO"
"1523","AC017100.1","PGBObyQGBO"
"1524","RPSAP8","PGBObyQGBO"
"1525","RAD51-AS1","PGBObyQGBO"
"1526","MASTL","PGBObyQGBO"
"1527","PCDHB15","PGBObyQGBO"
"1528","LMNTD2","PGBObyQGBO"
"1529","AC010422.2","PGBObyQGBO"
"1530","ST6GALNAC4P1","PGBObyQGBO"
"1531","AOC3","PGBObyQGBO"
"1532","CA13","PGBObyQGBO"
"1533","CAPN2","PGBObyQGBO"
"1534","MYH7B","PGBObyQGBO"
"1535","SLC12A4","PGBObyQGBO"
"1536","AL359715.2","PGBObyQGBO"
"1537","TBX6","PGBObyQGBO"
"1538","LRP1","PGBObyQGBO"
"1539","ZBTB47","PGBObyQGBO"
"1540","HMGA2","PGBObyQGBO"
"1541","PPIAP34","PGBObyQGBO"
"1542","ACYP1","PGBObyQGBO"
"1543","PRPF40B","PGBObyQGBO"
"1544","AL591684.1","PGBObyQGBO"
"1545","MATN1-AS1","PGBObyQGBO"
"1546","MICD","PGBObyQGBO"
"1547","AC104794.2","PGBObyQGBO"
"1548","SLC7A1","PGBObyQGBO"
"1549","SHISA3","PGBObyQGBO"
"1550","SYT14","PGBObyQGBO"
"1551","AL079342.3","PGBObyQGBO"
"1552","AC018845.3","PGBObyQGBO"
"1553","AC022916.1","PGBObyQGBO"
"1554","AL355987.5","PGBObyQGBO"
"1555","AP001160.2","PGBObyQGBO"
"1556","BMP2","PGBObyQGBO"
"1557","NPTXR","PGBObyQGBO"
"1558","AL023583.1","PGBObyQGBO"
"1559","HCG4B","PGBObyQGBO"
"1560","SLC7A11","PGBObyQGBO"
"1561","GPT","PGBObyQGBO"
"1562","MYCBPAP","PGBObyQGBO"
"1563","KRT8P12","PGBObyQGBO"
"1564","RPL21P132","PGBObyQGBO"
"1565","AC141557.1","PGBObyQGBO"
"1566","AC008269.1","PGBObyQGBO"
"1567","AC138393.2","PGBObyQGBO"
"1568","PODNL1","PGBObyQGBO"
"1569","AC123912.1","PGBObyQGBO"
"1570","TMEM43","PGBObyQGBO"
"1571","AL360093.1","PGBObyQGBO"
"1572","KRTAP5-9","PGBObyQGBO"
"1573","ARRDC3","PGBObyQGBO"
"1574","AL391646.1","PGBObyQGBO"
"1575","ZFP37","PGBObyQGBO"
"1576","HIST2H2AA4","PGBObyQGBO"
"1577","ABCA4","PGBObyQGBO"
"1578","NTRK3","PGBObyQGBO"
"1579","GEMIN7-AS1","PGBObyQGBO"
"1580","MTMR10","PGBObyQGBO"
"1581","LMNA","PGBObyQGBO"
"1582","AC006538.2","PGBObyQGBO"
"1583","ZNF319","PGBObyQGBO"
"1584","IL17RE","PGBObyQGBO"
"1585","SOD3","PGBObyQGBO"
"1586","EXOC3L1","PGBObyQGBO"
"1587","S100A2","PGBObyQGBO"
"1588","AL670729.1","PGBObyQGBO"
"1589","TMEM86A","PGBObyQGBO"
"1590","HOXD10","PGBObyQGBO"
"1591","SPARC","PGBObyQGBO"
"1592","AL096803.3","PGBObyQGBO"
"1593","LINC01979","PGBObyQGBO"
"1594","BCAP31P1","PGBObyQGBO"
"1595","EPM2AIP1","PGBObyQGBO"
"1596","HIST1H4B","PGBObyQGBO"
"1597","COL5A2","PGBObyQGBO"
"1598","AP004609.3","PGBObyQGBO"
"1599","TMEM220","PGBObyQGBO"
"1600","AL157400.3","PGBObyQGBO"
"1601","AKR1C1","PGBObyQGBO"
"1602","PAQR7","PGBObyQGBO"
"1603","RPL19P21","PGBObyQGBO"
"1604","GUCA1B","PGBObyQGBO"
"1605","HMGA1P1","PGBObyQGBO"
"1606","PLAG1","PGBObyQGBO"
"1607","AL132640.3","PGBObyQGBO"
"1608","LRP10","PGBObyQGBO"
"1609","EIF4E3","PGBObyQGBO"
"1610","ANXA5","PGBObyQGBO"
"1611","IQCC","PGBObyQGBO"
"1612","IMPDH1P8","PGBObyQGBO"
"1613","LRRC56","PGBObyQGBO"
"1614","MCPH1-AS1","PGBObyQGBO"
"1615","AC087283.1","PGBObyQGBO"
"1616","OVAAL","PGBObyQGBO"
"1617","MUS81","PGBObyQGBO"
"1618","CXCL16","PGBObyQGBO"
"1619","THRB","PGBObyQGBO"
"1620","LZTS1","PGBObyQGBO"
"1621","MIER3","PGBObyQGBO"
"1622","PHF7","PGBObyQGBO"
"1623","MT-CYB","PGBObyQGBO"
"1624","STAG3","PGBObyQGBO"
"1625","AC009955.2","PGBObyQGBO"
"1626","TTLL7","PGBObyQGBO"
"1627","IFNGR2","PGBObyQGBO"
"1628","AC025594.3","PGBObyQGBO"
"1629","SYT11","PGBObyQGBO"
"1630","MT-ATP6","PGBObyQGBO"
"1631","AL121906.2","PGBObyQGBO"
"1632","BROX","PGBObyQGBO"
"1633","LINC01521","PGBObyQGBO"
"1634","HSD17B13","PGBObyQGBO"
"1635","AC006987.1","PGBObyQGBO"
"1636","CARS","PGBObyQGBO"
"1637","SBSN","PGBObyQGBO"
"1638","RPS20P14","PGBObyQGBO"
"1639","LINC01219","PGBObyQGBO"
"1640","PRRX2","PGBObyQGBO"
"1641","AC008537.1","PGBObyQGBO"
"1642","SYT12","PGBObyQGBO"
"1643","LINC00963","PGBObyQGBO"
"1644","MPZ","PGBObyQGBO"
"1645","AL445248.1","PGBObyQGBO"
"1646","NOTUM","PGBObyQGBO"
"1647","CENPVL3","PGBObyQGBO"
"1648","XIST","PGBObyQGBO"
"1649","SPHK1","PGBObyQGBO"
"1650","AC120049.1","PGBObyQGBO"
"1651","KIAA1522","PGBObyQGBO"
"1652","OSGEPL1","PGBObyQGBO"
"1653","SLC6A15","PGBObyQGBO"
"1654","AL158152.2","PGBObyQGBO"
"1655","NREP","PGBObyQGBO"
"1656","RAET1G","PGBObyQGBO"
"1657","AUNIP","PGBObyQGBO"
"1658","NES","PGBObyQGBO"
"1659","RPL41P1","PGBObyQGBO"
"1660","COMMD2","PGBObyQGBO"
"1661","HHIPL1","PGBObyQGBO"
"1662","AC233280.1","PGBObyQGBO"
"1663","FITM1","PGBObyQGBO"
"1664","PRKAG2-AS1","PGBObyQGBO"
"1665","EHD2","PGBObyQGBO"
"1666","DDR1","PGBObyQGBO"
"1667","PLEC","PGBObyQGBO"
"1668","CCDC9B","PGBObyQGBO"
"1669","LINC00634","PGBObyQGBO"
"1670","OPRL1","PGBObyQGBO"
"1671","AL139288.1","PGBObyQGBO"
"1672","IRGQ","PGBObyQGBO"
"1673","ANKRD18DP","PGBObyQGBO"
"1674","MYO1E","PGBObyQGBO"
"1675","AC037450.1","PGBObyQGBO"
"1676","MT-ND3","PGBObyQGBO"
"1677","AP001471.1","PGBObyQGBO"
"1678","DDB2","PGBObyQGBO"
"1679","LINC01836","PGBObyQGBO"
"1680","MT-TS1","PGBObyQGBO"
"1681","AC068870.1","PGBObyQGBO"
"1682","SH3BP5","PGBObyQGBO"
"1683","AC103760.1","PGBObyQGBO"
"1684","MIR22HG","PGBObyQGBO"
"1685","RRAS","PGBObyQGBO"
"1686","RNU6-891P","PGBObyQGBO"
"1687","UQCRHP1","PGBObyQGBO"
"1688","MPP4","PGBObyQGBO"
"1689","AC098934.4","PGBObyQGBO"
"1690","SERTAD4-AS1","PGBObyQGBO"
"1691","SLC4A11","PGBObyQGBO"
"1692","AC239804.1","PGBObyQGBO"
"1693","ATP8B3","PGBObyQGBO"
"1694","AXIN2","PGBObyQGBO"
"1695","FTH1P8","PGBObyQGBO"
"1696","TBXA2R","PGBObyQGBO"
"1697","AZGP1","PGBObyQGBO"
"1698","ATP6AP1L","PGBObyQGBO"
"1699","DKK3","PGBObyQGBO"
"1700","FAM111B","PGBObyQGBO"
"1701","AC016168.2","PGBObyQGBO"
"1702","LINC00377","PGBObyQGBO"
"1703","AC209007.1","PGBObyQGBO"
"1704","TUBE1","PGBObyQGBO"
"1705","TRAC","PGBObyQGBO"
"1706","AL157888.1","PGBObyQGBO"
"1707","AC026150.1","PGBObyQGBO"
"1708","HEXIM1","PGBObyQGBO"
"1709","TUBB2BP1","PGBObyQGBO"
"1710","SIPA1","PGBObyQGBO"
"1711","ZFP36L1","PGBObyQGBO"
"1712","FAM43A","PGBObyQGBO"
"1713","KRT18","PGBObyQGBO"
"1714","AC026333.4","PGBObyQGBO"
"1715","MT-ND5","PGBObyQGBO"
"1716","LUCAT1","PGBObyQGBO"
"1717","ADAMTS13","PGBObyQGBO"
"1718","LHX6","PGBObyQGBO"
"1719","FOXCUT","PGBObyQGBO"
"1720","ACTN1-AS1","PGBObyQGBO"
"1721","MAMDC4","PGBObyQGBO"
"1722","NDUFV2P1","PGBObyQGBO"
"1723","C22orf15","PGBObyQGBO"
"1724","PPIAP3","PGBObyQGBO"
"1725","C11orf94","PGBObyQGBO"
"1726","MT-ND4","PGBObyQGBO"
"1727","AC008608.2","PGBObyQGBO"
"1728","FBXL7","PGBObyQGBO"
"1729","MRC2","PGBObyQGBO"
"1730","HSD3BP5","PGBObyQGBO"
"1731","ASNSP1","PGBObyQGBO"
"1732","FGFR1","PGBObyQGBO"
"1733","EMILIN2","PGBObyQGBO"
"1734","IGLVIVOR22-1","PGBObyQGBO"
"1735","AC092620.3","PGBObyQGBO"
"1736","AP001266.2","PGBObyQGBO"
"1737","TCF19","PGBObyQGBO"
"1738","PEBP1P2","PGBObyQGBO"
"1739","FXYD5","PGBObyQGBO"
"1740","TBC1D24","PGBObyQGBO"
"1741","NIPAL2","PGBObyQGBO"
"1742","SH3PXD2A","PGBObyQGBO"
"1743","AC007541.1","PGBObyQGBO"
"1744","SSTR5-AS1","PGBObyQGBO"
"1745","TRIP10","PGBObyQGBO"
"1746","AL365361.1","PGBObyQGBO"
"1747","SLC12A6","PGBObyQGBO"
"1748","AC120024.1","PGBObyQGBO"
"1749","SCNN1D","PGBObyQGBO"
"1750","RNY1","PGBObyQGBO"
"1751","AL355922.3","PGBObyQGBO"
"1752","AC099669.1","PGBObyQGBO"
"1753","CA12","PGBObyQGBO"
"1754","SLC22A17","PGBObyQGBO"
"1755","AC005014.2","PGBObyQGBO"
"1756","AL049836.1","PGBObyQGBO"
"1757","TRIB3","PGBObyQGBO"
"1758","SEMA5A","PGBObyQGBO"
"1759","ITIH5","PGBObyQGBO"
"1760","AP000442.1","PGBObyQGBO"
"1761","AC026691.1","PGBObyQGBO"
"1762","KLHDC8B","PGBObyQGBO"
"1763","UBE2E1-AS1","PGBObyQGBO"
"1764","CTSL","PGBObyQGBO"
"1765","RPS2P32","PGBObyQGBO"
"1766","TRAJ23","PGBObyQGBO"
"1767","AC091953.5","PGBObyQGBO"
"1768","PHLDA2","PGBObyQGBO"
"1769","COL1A1","PGBObyQGBO"
"1770","CFL1P2","PGBObyQGBO"
"1771","RNU7-134P","PGBObyQGBO"
"1772","ADAM11","PGBObyQGBO"
"1773","TSPAN13","PGBObyQGBO"
"1774","SLC20A1","PGBObyQGBO"
"1775","DPP7","PGBObyQGBO"
"1776","AC138932.1","PGBObyQGBO"
"1777","BAALC","PGBObyQGBO"
"1778","AL049732.1","PGBObyQGBO"
"1779","RAB43P1","PGBObyQGBO"
"1780","MVP","PGBObyQGBO"
"1781","MIR548Y","PGBObyQGBO"
"1782","TLR3","PGBObyQGBO"
"1783","CCDC17","PGBObyQGBO"
"1784","MKNK1","PGBObyQGBO"
"1785","FGFR3","PGBObyQGBO"
"1786","CHTF18","PGBObyQGBO"
"1787","SNAP23P1","PGBObyQGBO"
"1788","SUN1","PGBObyQGBO"
"1789","EPX","PGBObyQGBO"
"1790","CNIH2","PGBObyQGBO"
"1791","MAGEB2","PGBObyQGBO"
"1792","CNN2","PGBObyQGBO"
"1793","AC073342.3","PGBObyQGBO"
"1794","PLCD3","PGBObyQGBO"
"1795","HS3ST3A1","PGBObyQGBO"
"1796","WWTR1","PGBObyQGBO"
"1797","PIDD1","PGBObyQGBO"
"1798","SRRM2-AS1","PGBObyQGBO"
"1799","AC108667.1","PGBObyQGBO"
"1800","LIN7A","PGBObyQGBO"
"1801","MT-ND2","PGBObyQGBO"
"1802","AC126614.1","PGBObyQGBO"
"1803","AC009163.2","PGBObyQGBO"
"1804","PLK2","PGBObyQGBO"
"1805","SLC27A3","PGBObyQGBO"
"1806","MPZL3","PGBObyQGBO"
"1807","TM4SF1","PGBObyQGBO"
"1808","ATP5MFP5","PGBObyQGBO"
"1809","CTSB","PGBObyQGBO"
"1810","NOP14","PGBObyQGBO"
"1811","ZNF784","PGBObyQGBO"
"1812","PNRC2P1","PGBObyQGBO"
"1813","AL139161.1","PGBObyQGBO"
"1814","RN7SL265P","PGBObyQGBO"
"1815","AC069234.5","PGBObyQGBO"
"1816","MTDHP4","PGBObyQGBO"
"1817","CD207","PGBObyQGBO"
"1818","PHLDA1","PGBObyQGBO"
"1819","AC005840.1","PGBObyQGBO"
"1820","SNRPCP3","PGBObyQGBO"
"1821","ZNF367","PGBObyQGBO"
"1822","MEIS1-AS3","PGBObyQGBO"
"1823","AL136162.1","PGBObyQGBO"
"1824","ADRA2C","PGBObyQGBO"
"1825","CTHRC1","PGBObyQGBO"
"1826","RPL12P50","PGBObyQGBO"
"1827","RPL34P18","PGBObyQGBO"
"1828","AL359715.4","PGBObyQGBO"
"1829","AC021483.1","PGBObyQGBO"
"1830","PPIAP81","PGBObyQGBO"
"1831","MSANTD3-TMEFF1","PGBObyQGBO"
"1832","RAB5CP2","PGBObyQGBO"
"1833","MT-ND6","PGBObyQGBO"
"1834","TRIL","PGBObyQGBO"
"1835","NBL1","PGBObyQGBO"
"1836","PTGES3P4","PGBObyQGBO"
"1837","NALT1","PGBObyQGBO"
"1838","CP","PGBObyQGBO"
"1839","AC087741.2","PGBObyQGBO"
"1840","AL137798.1","PGBObyQGBO"
"1841","RAB25","PGBObyQGBO"
"1842","PSMA2P1","PGBObyQGBO"
"1843","GDPD2","PGBObyQGBO"
"1844","RN7SL787P","PGBObyQGBO"
"1845","PLPPR2","PGBObyQGBO"
"1846","MCAM","PGBObyQGBO"
"1847","HCG15","PGBObyQGBO"
"1848","RHPN1","PGBObyQGBO"
"1849","DBF4P1","PGBObyQGBO"
"1850","RSPH9","PGBObyQGBO"
"1851","TBC1D8","PGBObyQGBO"
"1852","NPM1P9","PGBObyQGBO"
"1853","TPSG1","PGBObyQGBO"
"1854","ELMO2","PGBObyQGBO"
"1855","AL121823.1","PGBObyQGBO"
"1856","NPIPB12","PGBObyQGBO"
"1857","AL591167.1","PGBObyQGBO"
"1858","CD160","PGBObyQGBO"
"1859","SAMD9L","PGBObyQGBO"
"1860","TLR5","PGBObyQGBO"
"1861","AC016405.3","PGBObyQGBO"
"1862","KLHL28","PGBObyQGBO"
"1863","NCCRP1","PGBObyQGBO"
"1864","CEP70","PGBObyQGBO"
"1865","MARS","PGBObyQGBO"
"1866","NPTX2","PGBObyQGBO"
"1867","AC002451.1","PGBObyQGBO"
"1868","UCN","PGBObyQGBO"
"1869","TCEAL7","PGBObyQGBO"
"1870","AC010203.2","PGBObyQGBO"
"1871","AQP1","PGBObyQGBO"
"1872","AC009414.2","PGBObyQGBO"
"1873","AC141928.1","PGBObyQGBO"
"1874","CDC42EP5","PGBObyQGBO"
"1875","KCNMB3","PGBObyQGBO"
"1876","AQP7P1","PGBObyQGBO"
"1877","TXNP4","PGBObyQGBO"
"1878","FO393411.1","PGBObyQGBO"
"1879","CDCA4","PGBObyQGBO"
"1880","COL5A3","PGBObyQGBO"
"1881","TOP3BP1","PGBObyQGBO"
"1882","TREX2","PGBObyQGBO"
"1883","U2AF1L5","PGBObyQGBO"
"1884","PPIAP74","PGBObyQGBO"
"1885","COL6A1","PGBObyQGBO"
"1886","AF131215.7","PGBObyQGBO"
"1887","AEBP1","PGBObyQGBO"
"1888","ZNF688","PGBObyQGBO"
"1889","GDF15","PGBObyQGBO"
"1890","AC100814.1","PGBObyQGBO"
"1891","AKAP12","PGBObyQGBO"
"1892","HIST1H2APS5","PGBObyQGBO"
"1893","AC024243.1","PGBObyQGBO"
"1894","AC016700.2","PGBObyQGBO"
"1895","MIR5695","PGBObyQGBO"
"1896","FAM83C-AS1","PGBObyQGBO"
"1897","YTHDF3-AS1","PGBObyQGBO"
"1898","AC046185.2","PGBObyQGBO"
"1899","BCL2L10","PGBObyQGBO"
"1900","DAPK3","PGBObyQGBO"
"1901","AC110048.2","PGBObyQGBO"
"1902","FNDC4","PGBObyQGBO"
"1903","AL008723.3","PGBObyQGBO"
"1904","AC026954.1","PGBObyQGBO"
"1905","NUDT18","PGBObyQGBO"
"1906","AL133215.3","PGBObyQGBO"
"1907","RPL21P131","PGBObyQGBO"
"1908","AL138966.2","PGBObyQGBO"
"1909","AC135586.2","PGBObyQGBO"
"1910","DYNLL1P4","PGBObyQGBO"
"1911","LMF2","PGBObyQGBO"
"1912","PPIAP54","PGBObyQGBO"
"1913","AP001527.2","PGBObyQGBO"
"1914","TAS2R42","PGBObyQGBO"
"1915","AL031073.1","PGBObyQGBO"
"1916","HCFC2P1","PGBObyQGBO"
"1917","RNU6-1091P","PGBObyQGBO"
"1918","AL353764.1","PGBObyQGBO"
"1919","RNA5SP146","PGBObyQGBO"
"1920","Z99916.1","PGBObyQGBO"
"1921","ZWINT","PGBObyQGBO"
"1922","AP000529.1","PGBObyQGBO"
"1923","APCS","PGBObyQGBO"
"1924","WBP2P1","PGBObyQGBO"
"1925","SNORD3B-1","PGBObyQGBO"
"1926","AL355355.2","PGBObyQGBO"
"1927","EEF1A2","PGBObyQGBO"
"1928","HES4","PGBObyQGBO"
